0.0,2
0.14692920474977586,8
0.14692963268892364,2
0.1469300431489484,8
0.1469304784968541,2
0.14693126274183435,8
0.14700666002842555,2
0.14701493347710257,8
0.14701788186677808,2
0.14701825559793277,8
0.14702038714249147,2
0.14702330434155528,8
0.14702462935779734,2
0.1471349375623441,8
0.14714797673841526,2
0.14715752950551458,8
0.14715801270504608,2
0.14716003923285306,8
0.1471613382604207,2
0.14773716879669416,8
0.14773852147297858,2
0.14774595303951574,8
0.14776777321465914,9
0.14836351459169647,1
0.14836395470045513,9
0.14836476913937505,1
0.1745394143909584,3
0.18180509343817164,0
0.18351646468835797,1
0.19067458220330208,0
0.19458537272003867,2
0.19464074914549817,3
0.21969641874503487,2
0.2197762205037297,7
0.21977793395012635,2
0.21977887573355592,7
0.22034476400474712,0
0.2261667384614837,1
0.2350477285311562,10
0.23504817826192537,1
0.2350506332017963,10
0.23510121341892914,3
0.2406528401014914,0
0.2411159181917606,1
0.2613312049073259,3
0.2626397620045117,4
0.26835673750707545,3
0.2763435924702122,1
0.31154325653086407,2
0.312033595550215,8
0.31203624195006746,2
0.31203692690389745,8
0.3120377511752999,2
0.3120383159369006,8
0.31204021145980315,2
0.3120405973900422,8
0.31410730008105975,4
0.32161814583124004,1
0.3460277894893942,2
0.35247388136540453,8
0.3542038167581088,0
0.3542087132061792,8
0.35421344012415107,0
0.36277272628054874,1
0.41439842187174925,4
0.416238752444246,0
0.426853024183396,1
0.44567305415632674,8
0.44567401652574223,1
0.44567839421061856,8
0.44568798652635644,1
0.4457137227439013,8
0.4457297816126619,1
0.44573234235326586,8
0.44573282105248924,1
0.4457858421214741,8
0.4457867570392927,1
0.44579759193412083,8
0.4457995559736347,1
0.4458009865598014,8
0.44652573393799433,1
0.4465328066982525,6
0.4465336385217131,1
0.44654309165469425,6
0.44654473567257336,1
0.446560125021604,6
0.44656349572209414,1
0.4823315921780237,3
0.49362628239857764,0
0.4943847255327699,5
0.49823304391219725,0
0.511636120503894,1
0.572246245915553,3
0.5957008106066061,0
0.5968398575795798,2
0.5979204610934491,5
0.5981164026868938,7
0.599887427539406,2
0.5998916525867867,7
0.5999062755691441,2
0.6142876959454014,1
0.6415619208027595,0
0.6447269770451999,4
0.6467436388384128,7
0.6540793985819463,8
0.6566484155369954,3
0.6566495403807712,8
0.6566538607779243,3
0.6566554433730307,8
0.6566577770073957,3
0.6566589233549728,8
0.6566762306504367,3
0.6639587591041488,0
0.707058684656431,5
0.709188369308988,6
0.7100453485976758,2
0.719591148447242,0
0.7408892264301892,8
0.7409088548746774,0
0.7409135563522334,8
0.7409543596381102,0
0.7409994292752425,8
0.7432669802463009,0
0.7432866361432088,8
0.7433055507470337,0
0.7556522481149273,7
0.7556546861259759,0
0.7556650149945938,7
0.758015477660242,6
0.7611067354368923,3
0.7611136418320399,6
0.7611176220606932,3
0.7743300197123808,0
0.7835480646852779,1
0.7967782695673131,0
0.8156226414196401,2
0.8207095456632097,3
0.8326170744902996,0
0.849261249929888,6
0.849283295753543,0
0.8493090464923845,6
0.850305978927349,7
0.9001171433760369,0
0.9001275550304283,7
0.9002797565388275,0
0.9910643408060156,2
0.9912046614684831,7
0.9961119407255241,6
