0.0,6
7.431197030762226e-06,1
0.0010574941446358835,0
0.05925813671957322,1
0.06230872979845254,0
0.27198355070074803,1
0.27318821529059717,0
0.3600262723515937,1
0.3620086569830426,0
0.3639448524156693,1
0.36454649900608055,0
0.3668719249024096,1
0.3767289446664315,0
0.46303216885454673,2
0.4769209493536402,0
0.5022073677540649,3
0.5068649343182917,0
0.5787424071504197,1
0.5862078339151138,0
0.59708064383174,3
0.6120755132215996,0
0.6261243309271309,1
0.6266897556820656,0
0.6312747480856838,1
0.6314786528797357,0
0.6470052218255917,1
0.6471956173960665,0
0.6477053685221492,1
0.6514051443389457,0
0.6514935875317973,1
0.6527222611705221,0
0.6529559956178475,1
0.6549175191340095,0
0.6554917009245163,1
0.6562589127847194,0
0.6657473291649036,4
0.6825991399800809,5
0.6825992654767739,4
0.6826160802485762,5
0.6826267946419168,2
0.6826458094217106,5
0.6826631271116145,2
0.6826660446962951,5
0.6826674409925242,2
0.6826695719398225,5
0.6826764856537882,2
0.6826796974610804,5
0.6826873942552659,4
0.6833186216786677,5
0.6833187314332997,4
0.683372849987124,5
0.6833807001402862,4
0.6833854740722555,5
0.6833964918850894,2
0.6892244092785877,1
0.7027043326763651,0
0.7180392615622777,3
0.7422376034562733,0
0.8138536869852131,1
0.8159018224411025,0
0.8448837258795677,3
0.8463594054025834,4
0.8603246127021029,0
0.8651553511594715,4
