0.0,9
0.0027253468136348435,7
0.008150293095068067,1
0.012681126996826235,0
0.04794798419356968,6
0.2066318164747828,1
0.2134647714863539,2
0.3228353112792052,3
0.3464967450851831,0
0.3557286554577148,2
0.36624886507601584,3
0.3913172782266367,0
0.39430220810347766,2
0.3976034516219127,3
0.4105161945912553,2
0.4497788721101077,4
0.46736895214152574,2
0.46739836799698614,3
0.47307196382737676,2
0.474204321761048,4
0.5059226202790036,2
0.5071704727235147,5
0.5261247596496068,2
0.535038259484166,4
0.5489637864597487,2
0.584293470060918,4
0.5915231578673178,2
0.591734830025389,3
0.592967750025992,6
0.593309112047963,8
0.5934938380285307,6
0.5936327372918792,8
0.5941139728926876,3
0.6045060388434084,2
0.622746097446028,4
0.6369101707425623,2
0.6383233602894093,5
0.6495288229357695,7
0.6496821378322015,5
0.6626568769197272,4
0.6678461362843615,5
0.6858068755808906,4
0.6874866547901562,2
0.6887551839038065,4
0.7022619839714342,2
0.7075253506193959,3
0.7091404140994177,2
0.7895136770744078,3
0.7937122651582489,2
0.8019568592841932,3
0.8054673772973655,2
0.9018591536561059,3
0.9269048228942891,2
0.9291692422308305,4
0.9615489865896784,2
0.9651567582332741,5
0.9803422911800552,2
0.9994679178391265,3