0.004222498283507985,11
0.022639864641510653,10
0.036396093959238644,1
0.09519521603751353,3
0.23535514866211354,6
0.23545369105184588,2
0.24081922525839616,6
0.24083244765866565,2
0.24092281059043077,6
0.24174397744501996,3
0.2417853354898527,6
0.24192109758366848,3
0.25586954205007134,6
0.2565659711138828,3
0.3126760636253278,0
0.31383058460640467,8
0.31531267280029635,9
0.31778397660923574,2
0.3701548901472798,3
0.38510704076201807,2
0.4074525801842304,3
0.4122984630697029,5
0.41379111058452595,2
0.42544757793208954,1
0.43571634845341434,2
0.5060538620139305,5
0.5065152383957131,3
0.5084210267394175,6
0.5090965696524195,2
0.5356480032698218,8
0.5372903412061102,2
0.5375033875531636,8
0.5375922963590679,2
0.540482071382675,5
0.5404935944847001,2
0.5719616854913193,1
0.5747686598830596,2
0.5911768935105969,5
0.5913190131779438,8
0.5928446617410098,2
0.5930736950183123,8
0.5935467044069817,7
0.596292909864491,8
0.5966418916168726,2
0.5966923844465464,8
0.5969631097103765,2
0.6226711122845004,3
0.6248871240084409,2
0.6285948321474408,0
0.6312314413224095,7
0.6368110871077485,2
0.6369004904855298,7
0.6371364942673222,2
0.6373380048310203,7
0.6374232783222725,2
0.6424817932980126,0
0.6458317695668053,2
0.6477787299624996,7
0.6490447578798647,2
0.6552239896375271,7
0.655966921139115,1
0.6578154913210392,0
0.662207872930772,1
0.6638047229356985,7
0.6638167279282706,0
0.6660082689120703,7
0.6674966005475215,2
0.6676199772088598,7
0.6678223839198907,2
0.6680722061244713,7
0.6681459311510379,2
0.6728004823538382,7
0.6729979306647681,2
0.6730358351606813,7
0.6756517357234632,10
0.6764448726112405,8
0.6770483010266091,7
0.677907203292709,8
0.678035094507592,7
0.6782932103021114,8
0.6783086350267225,7
0.6783417121629466,8
0.6783447894990706,7
0.6783458885476864,8
0.6783617275290834,7
0.6784454158540629,2
0.6785757461114508,7
0.6787480684801805,2
0.6812045224514771,7
0.6813227335843214,2
0.6815513314692877,7
0.6816941274742443,2
0.6819210006983059,7
0.6820793355598452,2
0.6822735712671291,7
0.6824674814869383,2
0.682595081031227,7
0.6826298151945949,2
0.6826438745626563,7
0.682790377743136,2
0.6829827239322228,7
0.6832170537784313,2
0.6832771548292726,7
0.6839397966023698,2
0.6840938494014177,5
0.6841479014577625,7
0.6842717388740973,2
0.684798855271542,5
0.6848776781928418,7
0.6884531285122661,10
0.6890225794169677,7
0.689205203252915,8
0.6893526575331584,7
0.689592228995842,8
0.6897678950086297,7
0.6898808011183479,8
0.690204830240042,7
0.6903564778134654,8
0.6904379891767637,7
0.6907286029934289,8
0.6908195408121621,7
0.691013772292336,8
0.6919833952522528,7
0.6921431039245618,8
0.69214367035731,7
0.692145209025372,8
0.6922159285766856,7
0.6932737544151266,8
0.6933322280285947,7
0.6935897942988062,8
0.693703926270442,7
0.6953864386607462,8
0.6972771658113046,7
0.6973547966875673,2
0.6976133816913034,7
0.6977199894070313,2
0.6979193652801488,7
0.6981500048592744,2
0.6982326955862795,7
0.6988816753396608,2
0.6990016026791896,7
0.69921303004309,2
0.7031272451898796,8
0.7031895697006127,2
0.7033820342487812,8
0.7038431231870796,4
0.703924431649095,8
0.7041013700220109,4
0.7043579809653487,8
0.7044755199876933,4
0.704741324895413,7
0.7049167415087071,4
0.7072021032003015,5
0.7115170779706048,8
0.7115688981128375,5
0.7132725629618849,7
0.7133378802665411,10
0.7133961213889558,7
0.7136712132574785,8
0.7138018520939009,7
0.7139758441711046,8
0.7142042602903383,7
0.7143077610801717,8
0.7145408650644626,7
0.7158216498230492,8
0.7200792162116197,7
0.7202026393711687,8
0.7204185221090728,7
0.7205371348173728,8
0.7276891302777271,7
0.7297520276210531,8
0.7297544582093379,7
0.7322822404357968,8
0.7324002782571285,7
0.7340549804903441,10
0.7357584931634293,7
0.7358552686211564,8
0.7370101024083778,4
0.7372215509078284,8
0.7373716682674099,4
0.7374709757640632,8
0.7378368279126967,7
0.7421635286863081,8
0.7422778889218872,7
0.7424914213865975,8
0.7426459687575225,7
0.7436054551075142,8
0.7453100837376554,7
0.7453926391971386,8
0.7455696071598249,7
0.7458682017602845,8
0.7458897769300337,7
0.7461263936427849,8
0.7463536557609721,7
0.746398999970592,8
0.7487670904331821,4
0.7488592287511726,8
0.7490307099250004,4
0.7504325252988415,11
0.7504663802233168,4
0.7506780104884999,11
0.7507695189670914,8
0.7564987029979336,7
0.7567337429986323,8
0.7569343912318781,7
0.7570535407831558,8
0.7573327709924278,7
0.757373744370245,8
0.7576721107067612,7
0.7577599289182699,8
0.7580316010547535,7
0.7647835005478736,9
0.7647965961348413,7
0.7648129296881154,9
0.7649142408349374,7
0.7651261416351645,9
0.7653323865621304,7
0.765449853723604,9
0.7657057967835522,7
0.7658845866306747,9
0.7660467850708094,7
0.7662207982835634,9
0.7664037645154257,7
0.766577731229969,9
0.7677478671556097,8
0.7712626838083251,7
0.7713128342420837,8
0.7715587463698583,7
0.7717050677846053,8
0.7719465668094766,7
0.7720423996216601,8
0.7722766280172272,7
0.772449652086227,8
0.7726730590800389,7
0.7727779548161923,8
0.7730794027159428,7
0.7731026771839363,8
0.7733632658378411,7
0.7737135241774611,2
0.7743376020254756,7
0.7744458075888064,2
0.7746400686587506,7
0.7748617044934472,2
0.7749661521559341,7
0.7754226335442665,8
0.7755491171314993,7
0.7757690705763918,8
0.7758952540388103,7
0.7763693075236645,2
0.7764526069545185,7
0.7766855038104163,2
0.7768149167849211,7
0.7776046973473105,8
0.7777443357010518,7
0.777943686211509,8
0.7781366453315545,7
0.7782916619116962,8
0.7784660302016954,7
0.780712684246465,2
0.7808901763707988,7
0.7810147450771742,2
0.7819978651995145,7
0.7821480459657469,2
0.7822736968122979,7
0.7827518421396907,8
0.7828638098309755,7
0.7830299606190169,8
0.7839978885077994,7
0.7841562275964488,8
0.7843495375666294,7
0.7844844753739834,8
0.7859753897736815,11
0.7862432744195509,8
0.7863349900265354,11
0.7864501449588058,4
0.7865048987154206,11
0.7867372333656805,4
0.7868809255179698,11
0.7870708115290014,4
0.7882483829412387,0
0.7883043287428905,4
0.7912315644158544,11
0.7915828372618889,8
0.7920353071227739,7
0.7931300271778237,15
0.7931665832256276,5
0.7932205845566516,15
0.7932820171471621,7
0.7934677140921235,13
0.7934952198972878,5
0.7936245356482611,13
0.7936798812002843,7
0.793791007696667,12
0.7938243976390356,5
0.7942603183640333,2
0.7943416141447185,5
0.7945013439525778,2
0.7948377162356488,5
0.7948988022031342,2
0.7951093249654815,5
0.7954723407232643,13
0.7954914599420684,7
0.7957040117172447,13
0.7957466167595454,7
0.7980503621527932,8
0.7982219743670329,7
0.7983494048269192,8
0.800989509821908,11
0.8011632102285174,8
0.8024229143892319,4
0.8026338683168053,8
0.8027247300475576,4
0.8029692768187825,8
0.8031539043048986,4
0.8032963240970598,8
0.8044317131780025,7
0.8046239114182372,8
0.8047727944616809,7
0.8049935933285856,8
0.805134778804609,7
0.8053764891849833,8
0.8054934702287999,7
0.8056943213633285,8
0.8059179819837441,7
0.8060185956574062,8
0.8062931041847404,7
0.8063654554005374,8
0.8066278321219978,7
0.8068540374626699,8
0.8069422995207349,7
0.8079500932844988,8
0.8080284047254813,7
0.8082621723660517,8
0.8084503421703986,7
0.808550495089064,8
0.8096109248273023,7
0.8096761829524176,8
0.8099361544482536,7
0.810015928469317,8
0.8125181662696798,9
0.8220095966135235,7
0.8220799991315825,8
0.8222923184157055,7
0.8228836277065303,8
0.8230460924545988,7
0.8231950389046936,8
0.8234092223443533,7
0.8235598004589314,8
0.8237778347958563,7
0.8239208928816367,8
0.8241566345826055,7
0.8242862377770629,8
0.8244831957432258,7
0.8247759188878112,8
0.8247792752131993,7
0.8254623170194488,8
0.8255239651925723,7
0.8257813370157211,8
0.8259170018860055,7
0.8261268398565229,8
0.8263204034533072,7
0.8264398869462796,8
0.8267199372149033,7
0.8267695423514643,8
0.8270392023835591,7
0.8299741271697233,2
0.8309153185873727,7
0.8310149008461799,2
0.8312086081647062,7
0.8331571706351135,8
0.8331933800598925,7
0.8333946539054272,8
0.8342004256251757,13
0.8343085001480947,8
0.834502486455885,13
0.8345348576647289,11
0.8346412455707337,12
0.8346641311446017,13
0.8346851187460524,8
0.8349455763595455,13
0.8350144909348631,8
0.8352852838324543,12
0.8353266587857272,11
0.8354281981964925,12
0.8354699493625609,8
0.8355352201690064,12
0.8355685720673843,11
0.8356512036148487,4
0.8358577106226384,11
0.835870172143097,4
0.8428431241297252,11
0.8428494013881652,4
0.8431225614673902,11
0.843250304733421,4
0.8434946612846932,11
0.8436028245769235,4
0.8445998983895738,11
0.8447164524952743,4
0.8448873545550237,11
0.8449885304343238,15
0.845161588320204,11
0.8451636004245929,15
0.8451738173496094,11
0.845182584375875,15
0.8452688850548719,8
0.8456832644270009,7
0.8458378540690265,8
0.8460092887446435,7
0.8462107612643511,8
0.8463762314876727,7
0.8465864498980956,8
0.8467167674741534,7
0.8482565937643626,9
0.8483866788493669,7
0.8485694802239369,9
0.8487908328422594,7
0.8489204022198364,9
0.8491476516566934,7
0.8492775380675249,9
0.8494888597536737,7
0.8500415459398749,9
0.8509993752627228,7
0.8517131270235625,8
0.8518824650525895,7
0.85198088062902,8
0.8530283838646932,7
0.8530913551232656,8
0.8533654620751442,7
0.85345168666616,8
0.8575095981923491,4
0.8577033858259665,8
0.8696820308210177,4
0.8696875936978574,8
0.8699380161520666,4
0.8701481288847379,8
0.8702724862356103,4
0.8705003612847562,8
0.8757120202308811,10
0.8759301686997777,7
0.8791541263634444,10
0.879219206949937,7
0.8794602240842614,10
0.8796562309506606,7
0.8797346227067342,10
0.8807306439689794,7
0.8862591713123558,2
0.8862903039779519,5
0.8878908822939519,16
0.8880000389570463,5
0.8882313971448822,7
0.8882569965234091,16
0.8882746616163523,7
0.889685028433846,19
0.8898263660858318,7
0.8900327631887599,19
0.8900985032044221,15
0.8901628863177549,19
0.8902029381855788,7
0.8903920590896894,19
0.89042629022696,15
0.8904556305978906,10
0.8905238181102778,15
0.8905454482324578,19
0.8905789776694584,7
0.8907228346790401,19
0.8907484594202274,15
0.8907754833348447,10
0.8908942482191069,15
0.8909131349468576,19
0.8909319413595171,7
0.892255449519486,15
0.8922590975154683,10
0.8923655953263346,7
0.8926012059868915,10
0.8927646641058242,7
0.8929354139896114,10
0.8931481306220802,7
0.8933066852933426,10
0.8934531673382721,7
0.895233689502441,10
0.8952722872444041,7
0.8955331083893623,10
0.8956555889033677,7
0.8973765764494434,10
0.8975564399825212,7
0.8976288546049691,10
0.898851609596644,8
0.9006719004122629,4
0.9007524733571276,8
0.9021479649743183,4
0.9022136289019993,8
0.9024490704781537,4
0.9026481884975576,8
0.9027726642075116,4
0.9040626260220397,8
0.9046980367521266,4
0.9048312456714657,8
0.9050011459061308,4
0.9052196790420428,8
0.9053895412327173,4
0.9055448029852426,8
0.9058143150684853,4
0.9058878752377596,8
0.9061858526801503,4
0.9062536724339624,8
0.907675342543758,4
0.9077878639864607,12
0.907790675014651,8
0.9079019029616752,12
0.9079068359991159,4
0.9081986545421483,12
0.9082547863366428,4
0.9092404892232302,12
0.9092568904102653,8
0.9094072444880101,12
0.9094294325887182,4
0.9095870488415472,12
0.9096015182392846,8
0.9097749016126395,12
0.9097874265397491,4
0.9122016685899806,12
0.9122317909762724,8
0.912263798653651,12
0.9123018426441963,4
0.9125654071835838,12
0.9125907740710574,8
0.912611474229024,12
0.9126693095488729,4
0.9128958488312398,12
0.9129173605943381,8
0.9130707497371066,12
0.9131854861854809,8
0.9148030236670439,7
0.9148045200640054,8
0.9148049047310209,7
0.9148071620077932,8
0.9148075509019188,7
0.9148078763893935,8
0.9163914828585001,12
0.9164609511852359,8
0.9174529693742537,12
0.9174855096675001,4
0.9176160597346111,12
0.9176429610630367,8
0.9178199670697136,12
0.9178552253947289,4
0.9179751400529276,12
0.9180037829506981,8
0.9181623376219605,12
0.91818602211963,4
0.9183788586534838,12
0.9184094925200929,8
0.91848325559065,12
0.9185225930768738,4
0.9187476740062698,12
0.918782370125647,8
0.9188539224176425,12
0.9188931077279041,4
0.9190666136874509,12
0.9190939673166529,8
0.9197163965917438,12
0.9197829651209778,8
0.9200674200382847,12
0.9201674080996577,8
0.9203774151545776,12
0.9204121704534958,4
0.9205332348856309,12
0.9205649720279657,8
0.9207148738049342,12
0.9207512988123262,4
0.9209320162216363,12
0.920969536050534,8
0.9210328412508013,12
0.9210664256402327,4
0.9213442989471753,12
0.9214153651215138,4
0.9216467190822396,12
0.9216752478480386,8
0.9218315367883084,12
0.9219847695280047,8
0.9222293247534497,12
0.9222930568918332,4
0.9223195735532431,12
0.9223688532023294,8
0.9226132224349318,12
0.9227256424269931,8
0.9229472909430197,12
0.9230019136592227,4
0.9230046401452117,12
0.923005354526812,4
0.9230884003310622,12
0.9231327046716071,8
0.9232592178486104,12
0.9233000221420252,4
0.9234870844435362,12
0.9235248748074778,8
0.9236125281616941,12
0.9236686007766478,4
0.9238153322210708,12
0.9238520446719469,8
0.9241072902587352,12
0.9241107268992145,8
0.9241114539621449,12
0.9241122444317262,8
0.9241129799488768,12
0.9241137788726782,8
0.9252256018150331,9
0.9252422777642222,7
0.9257478485816881,15
0.925771351313625,18
0.9257962067207812,15
0.9258284299807731,18
0.9258586284550459,15
0.9259271034109172,18
0.9260734713238751,2
0.9262407972485132,17
0.9262814240033055,2
0.9313595569968366,17
0.9315118344096591,2
0.9316586757589437,17
0.9318943033279408,2
0.9321062548534885,16
0.9321284133644261,17
0.9322056173025726,2
0.9324697017764976,16
0.9325885258403005,2
0.9328066278109864,16
0.9328713871371146,12
0.9329681118695209,16
0.9330353482821445,2
0.9331087182314661,16
0.9331502834046919,12
0.9334999710844536,7
0.9357993329645687,10
0.9358128766252028,12
0.935829911878747,10
0.9358450153429935,7
0.9360929903004774,10
0.9360944866974389,12
0.9361522459293068,8
0.9362808895697805,12
0.9363182952667066,16
0.9363887062389857,12
0.9364075380143057,8
0.9370665486998608,16
0.9371158706200476,8
0.9373863042132836,16
0.9375338219001779,8
0.9377524649409515,16
0.9378590980193399,8
0.940879634465561,4
0.940996991722173,8
0.9411565439914097,4
0.9414174285430188,8
0.9415391735398736,4
0.941745655185003,8
0.9419489622704769,4
0.9420308921176711,8
0.9437763250412271,4
0.9439460435101595,8
0.9441115982756824,4
0.9442729386124747,8
0.9476036477136114,9
0.9480004253994481,7
0.9480627583644015,9
0.9483929717481141,7
0.9484102352656015,9
0.949844721973101,7
0.9499543858894027,9
0.9500941891004364,7
0.9507647778404476,9
0.9507988060764352,7
0.9511025957951592,9
0.9511962305101112,7
0.9514401558961572,9
0.95159804268403,7
0.9517650388940835,9
0.9520282694917762,7
0.9520805377076753,9
0.9523573753726531,7
0.95243879796664,9
0.952728917211428,7
0.9528745538343454,9
0.953050071898281,7
0.9532168229359509,9
0.9534448543881691,7
0.953563112019224,9
0.9538444219666458,7
0.9538851332636393,9
0.9545725036305909,7
0.9546213605686711,9
0.9548728651630557,7
0.9565791465932306,8
0.9566803309267508,7
0.9569211832037827,8
0.9570535340197797,7
0.9572719530237201,8
0.9574437427765823,7
0.95764174061182,8
0.9577976279766343,7
0.9580506881475211,8
0.9581501182303662,7
0.9583286586779951,8
0.9605398219066961,12
0.9607057824747847,8
0.9608699380668774,12
0.9609525315703511,4
0.9610205161814556,12
0.9611132547490747,8
0.9611616128881677,12
0.9612568285422824,4
0.9614863859812325,12
0.9615411016938566,4
0.9636805984985906,12
0.96372242575264,4
0.9647767261812905,12
0.9648324944443198,4
0.9650548108437361,12
0.9651448651964668,8
0.9680274118618702,7
0.9682169301143264,8
0.9684173289480786,7
0.9684925334631664,8
0.9722563987593212,14
0.9722679429968967,19
0.9723460726721465,14
0.9723607787880472,8
0.9748477102228806,14
0.9748695305650134,8
0.9760359931320114,7
0.9762073728551977,8
0.9786514329397966,7
0.9787199163498881,8
0.9812018555677399,7
0.9812728456540973,8
0.9815715036612078,7
0.9815984599420642,8
0.9863028699080291,9
0.9888648240922177,20
0.9889776837037252,9
0.9892250795471309,12
0.9893257270376734,9
0.9895575417533958,12
0.9897352367790127,9
0.9898989189347785,12
0.9906178658138827,2
0.99361092604471,10
0.994461310684038,2
0.9952886618006458,9
0.9966387838455562,8
0.9970486613454707,10
0.9974109331318828,12
0.9974788670176664,4
0.9975676194204984,12
0.9977033941956445,4
0.9989976761166545,0
0.9990508616154367,4
0.9991170032065546,0
0.9998048301013928,17
0.9998056205709741,11
